0 0.5421875 0.5578125 0.20625 0.0515625
0 0.603125 0.79921875 0.1515625 0.03828125
0 0.58125 0.72578125 0.1375 0.034375
0 0.5125 0.6296875 0.26328125 0.0734375
0 0.515625 0.3171875 0.15 0.040625
0 0.50234375 0.06328125 0.15390625 0.04765625
0 0.5375 0.44140625 0.1671875 0.06171875
0 0.4578125 0.196875 0.578125 0.23125
0 0.6140625 0.9265625 0.19609375 0.0546875
0 0.5828125 0.68125 0.1046875 0.0375
0 0.503125 0.0109375 0.08203125 0.02109375
0 0.428125 0.2734375 0.3390625 0.0921875
0 0.609375 0.87890625 0.1359375 0.04921875
0 0.5046875 0.0265625 0.1109375 0.0484375
0 0.5484375 0.3765625 0.0703125 0.01796875
0 0.51796875 0.11875 0.1453125 0.0375
0 0.5625 0.42421875 0.06015625 0.02890625