0 0.45625 0.13984375 0.14609375 0.06015625
0 0.47109375 0.21328125 0.15703125 0.05078125
0 0.47265625 0.284375 0.08359375 0.02890625
0 0.475 0.40625 0.146875 0.05703125
0 0.509375 0.67890625 0.17890625 0.05390625
0 0.44765625 0.03359375 0.06875 0.01640625
0 0.56796875 0.9578125 0.08984375 0.05546875
0 0.4671875 0.85234375 0.5890625 0.15
0 0.4875 0.3375 0.06328125 0.0171875
0 0.45078125 0.0875 0.05234375 0.01328125
0 0.48515625 0.3609375 0.0625 0.01953125
0 0.44609375 0.05546875 0.053125 0.01328125
0 0.49453125 0.42734375 0.19453125 0.1609375
0 0.484375 0.58046875 0.86015625 0.17109375
0 0.471875 0.46328125 0.15078125 0.0421875
0 0.52265625 0.73671875 0.05859375 0.01953125
0 0.45234375 0.0609375 0.08203125 0.065625
0 0.51328125 0.7875 0.1078125 0.03125
0 0.54375 0.9265625 0.034375 0.02421875
0 0.50234375 0.49140625 0.14296875 0.040625
0 0.5203125 0.70234375 0.07734375 0.01953125
0 0.515625 0.209375 0.075 0.03046875
0 0.51875 0.44609375 0.08984375 0.03359375
0 0.51328125 0.62734375 0.13984375 0.02421875
0 0.46328125 0.3875 0.109375 0.0265625
0 0.4671875 0.16015625 0.065625 0.01875
0 0.55546875 0.9953125 0.04765625 0.00859375
0 0.70390625 0.41875 0.28046875 0.04375