0 0.44609375 0.30234375 0.75625 0.128125
0 0.45859375 0.30859375 0.83515625 0.1171875
0 0.44609375 0.4296875 0.62734375 0.10234375
0 0.471875 0.6046875 0.84921875 0.18359375
0 0.63203125 0.2515625 0.28828125 0.04609375
0 0.4328125 0.74296875 0.76328125 0.109375
0 0.86171875 0.465625 0.165625 0.10078125
0 0.45859375 0.30859375 0.83515625 0.1171875
0 0.44609375 0.4296875 0.62734375 0.10234375
0 0.471875 0.6046875 0.84921875 0.18359375
0 0.63203125 0.2515625 0.28828125 0.04609375
0 0.4328125 0.74296875 0.76328125 0.109375
0 0.4796875 0.509375 0.2671875 0.0640625
0 0.45859375 0.30859375 0.83515625 0.1171875
0 0.35078125 0.509375 0.32890625 0.05390625
0 0.28515625 0.46953125 0.40859375 0.08671875
0 0.60703125 0.4203125 0.3109375 0.09765625
0 0.43203125 0.62734375 0.5390625 0.09296875
0 0.26640625 0.54609375 0.44140625 0.09921875
0 0.809375 0.35234375 0.22109375 0.04140625
0 0.68671875 0.56484375 0.40625 0.090625
0 0.63203125 0.2515625 0.28828125 0.04609375
0 0.4328125 0.74296875 0.76328125 0.109375