0 0.50625 0.4578125 0.22734375 0.05234375
0 0.49453125 0.32890625 0.2046875 0.07734375
0 0.496875 0.08828125 0.1015625 0.03359375
0 0.54296875 0.83203125 0.08359375 0.02734375
0 0.784375 0.8609375 0.31015625 0.134375
0 0.49296875 0.271875 0.13984375 0.0578125
0 0.534375 0.74375 0.07265625 0.028125
0 0.6703125 0.5453125 0.51484375 0.16328125
0 0.54453125 0.78046875 0.084375 0.034375
0 0.53046875 0.68671875 0.07578125 0.0453125
0 0.475 0.12109375 0.0640625 0.0234375
0 0.5359375 0.87421875 0.13046875 0.090625
0 0.55859375 0.85 0.0515625 0.0234375
0 0.48046875 0.1859375 0.07890625 0.02734375
0 0.46875 0.03671875 0.12109375 0.04765625
0 0.55 0.803125 0.05703125 0.02265625
0 0.5078125 0.4359375 0.1171875 0.02265625