0 0.4796875 0.3578125 0.74140625 0.409375
0 0.40078125 0.090625 0.5 0.10390625
0 0.42578125 0.09765625 0.36328125 0.13828125
0 0.4828125 0.33828125 0.815625 0.34375
0 0.3890625 0.68828125 0.63359375 0.23125
0 0.39921875 0.04296875 0.14453125 0.05234375
0 0.33125 0.1296875 0.15703125 0.05859375
0 0.37265625 0.184375 0.1546875 0.05859375
0 0.35625 0.55625 0.5296875 0.11171875
0 0.32265625 0.80625 0.49921875 0.0875
0 0.24453125 0.0765625 0.3515625 0.153125
0 0.53203125 0.57421875 0.25234375 0.0890625
0 0.43046875 0.43359375 0.21328125 0.078125
0 0.32734375 0.96015625 0.5015625 0.0796875
0 0.59375 0.0828125 0.078125 0.0578125
0 0.55703125 0.640625 0.20625 0.05703125
0 0.2125 0.5203125 0.2765625 0.09609375
0 0.5328125 0.0796875 0.175 0.06875
0 0.28984375 0.1421875 0.06171875 0.028125
0 0.42578125 0.09765625 0.36328125 0.13828125
0 0.4828125 0.33828125 0.815625 0.34375
0 0.3890625 0.68828125 0.63359375 0.23125
0 0.39921875 0.04296875 0.14453125 0.05234375
0 0.33125 0.1296875 0.15703125 0.05859375
0 0.37265625 0.184375 0.1546875 0.05859375
0 0.35625 0.55625 0.5296875 0.11171875
0 0.32265625 0.80625 0.49921875 0.0875
0 0.24453125 0.0765625 0.3515625 0.153125
0 0.53203125 0.57421875 0.25234375 0.0890625
0 0.43046875 0.43359375 0.21328125 0.078125
0 0.32734375 0.96015625 0.5015625 0.0796875
0 0.59375 0.0828125 0.078125 0.0578125
0 0.55703125 0.640625 0.20625 0.05703125
0 0.2125 0.5203125 0.2765625 0.09609375
0 0.5328125 0.0796875 0.175 0.06875
0 0.28984375 0.1421875 0.06171875 0.028125
0 0.42578125 0.09765625 0.36328125 0.13828125
0 0.4828125 0.33828125 0.815625 0.34375
0 0.3890625 0.68828125 0.63359375 0.23125
0 0.39921875 0.04296875 0.14453125 0.05234375
0 0.33125 0.1296875 0.15703125 0.05859375
0 0.37265625 0.184375 0.1546875 0.05859375
0 0.35625 0.55625 0.5296875 0.11171875
0 0.32265625 0.80625 0.49921875 0.0875
0 0.24453125 0.0765625 0.3515625 0.153125
0 0.53203125 0.57421875 0.25234375 0.0890625
0 0.43046875 0.43359375 0.21328125 0.078125
0 0.32734375 0.96015625 0.5015625 0.0796875
0 0.59375 0.0828125 0.078125 0.0578125
0 0.55703125 0.640625 0.20625 0.05703125
0 0.2125 0.5203125 0.2765625 0.09609375
0 0.5328125 0.0796875 0.175 0.06875
0 0.28984375 0.1421875 0.06171875 0.028125
0 0.42578125 0.09765625 0.36328125 0.13828125
0 0.4828125 0.33828125 0.815625 0.34375
0 0.3890625 0.68828125 0.63359375 0.23125
0 0.39921875 0.04296875 0.14453125 0.05234375
0 0.33125 0.1296875 0.15703125 0.05859375
0 0.37265625 0.184375 0.1546875 0.05859375
0 0.35625 0.55625 0.5296875 0.11171875
0 0.32265625 0.80625 0.49921875 0.0875
0 0.24453125 0.0765625 0.3515625 0.153125
0 0.53203125 0.57421875 0.25234375 0.0890625
0 0.43046875 0.43359375 0.21328125 0.078125
0 0.32734375 0.96015625 0.5015625 0.0796875
0 0.59375 0.0828125 0.078125 0.0578125
0 0.55703125 0.640625 0.20625 0.05703125
0 0.2125 0.5203125 0.2765625 0.09609375
0 0.5328125 0.0796875 0.175 0.06875
0 0.42578125 0.09765625 0.36328125 0.13828125
0 0.4828125 0.33828125 0.815625 0.34375
0 0.3890625 0.68828125 0.63359375 0.23125
0 0.39921875 0.04296875 0.14453125 0.05234375
0 0.33125 0.1296875 0.15703125 0.05859375
0 0.37265625 0.184375 0.1546875 0.05859375
0 0.35625 0.55625 0.5296875 0.11171875
0 0.32265625 0.80625 0.49921875 0.0875
0 0.24453125 0.0765625 0.3515625 0.153125
0 0.53203125 0.57421875 0.25234375 0.0890625
0 0.43046875 0.43359375 0.21328125 0.078125
0 0.32734375 0.96015625 0.5015625 0.0796875
0 0.59375 0.0828125 0.078125 0.0578125
0 0.55703125 0.640625 0.20625 0.05703125
0 0.2125 0.5203125 0.2765625 0.09609375
0 0.5328125 0.0796875 0.175 0.06875
0 0.42578125 0.09765625 0.36328125 0.13828125
0 0.4828125 0.33828125 0.815625 0.34375
0 0.3890625 0.68828125 0.63359375 0.23125
0 0.39921875 0.04296875 0.14453125 0.05234375
0 0.33125 0.1296875 0.15703125 0.05859375
0 0.37265625 0.184375 0.1546875 0.05859375
0 0.35625 0.55625 0.5296875 0.11171875
0 0.32265625 0.80625 0.49921875 0.0875
0 0.24453125 0.0765625 0.3515625 0.153125
0 0.53203125 0.57421875 0.25234375 0.0890625
0 0.43046875 0.43359375 0.21328125 0.078125
0 0.32734375 0.96015625 0.5015625 0.0796875
0 0.59375 0.0828125 0.078125 0.0578125
0 0.55703125 0.640625 0.20625 0.05703125
0 0.2125 0.5203125 0.2765625 0.09609375
0 0.5328125 0.0796875 0.175 0.06875
0 0.42578125 0.09765625 0.36328125 0.13828125
0 0.4828125 0.33828125 0.815625 0.34375
0 0.3890625 0.68828125 0.63359375 0.23125
0 0.39921875 0.04296875 0.14453125 0.05234375
0 0.33125 0.1296875 0.15703125 0.05859375
0 0.37265625 0.184375 0.1546875 0.05859375
0 0.35625 0.55625 0.5296875 0.11171875
0 0.32265625 0.80625 0.49921875 0.0875
0 0.24453125 0.0765625 0.3515625 0.153125
0 0.53203125 0.57421875 0.25234375 0.0890625
0 0.43046875 0.43359375 0.21328125 0.078125
0 0.32734375 0.96015625 0.5015625 0.0796875
0 0.59375 0.0828125 0.078125 0.0578125
0 0.55703125 0.640625 0.20625 0.05703125
0 0.42578125 0.09765625 0.36328125 0.13828125
0 0.4828125 0.33828125 0.815625 0.34375
0 0.3890625 0.68828125 0.63359375 0.23125
0 0.39921875 0.04296875 0.14453125 0.05234375
0 0.33125 0.1296875 0.15703125 0.05859375
0 0.37265625 0.184375 0.1546875 0.05859375
0 0.35625 0.55625 0.5296875 0.11171875
0 0.32265625 0.80625 0.49921875 0.0875
0 0.24453125 0.0765625 0.3515625 0.153125
0 0.53203125 0.57421875 0.25234375 0.0890625
0 0.43046875 0.43359375 0.21328125 0.078125
0 0.32734375 0.96015625 0.5015625 0.0796875
0 0.59375 0.0828125 0.078125 0.0578125
0 0.55703125 0.640625 0.20625 0.05703125
0 0.42578125 0.09765625 0.36328125 0.13828125
0 0.4828125 0.33828125 0.815625 0.34375
0 0.3890625 0.68828125 0.63359375 0.23125
0 0.39921875 0.04296875 0.14453125 0.05234375
0 0.33125 0.1296875 0.15703125 0.05859375
0 0.37265625 0.184375 0.1546875 0.05859375
0 0.35625 0.55625 0.5296875 0.11171875
0 0.32265625 0.80625 0.49921875 0.0875
0 0.24453125 0.0765625 0.3515625 0.153125
0 0.53203125 0.57421875 0.25234375 0.0890625
0 0.43046875 0.43359375 0.21328125 0.078125
0 0.42578125 0.09765625 0.36328125 0.13828125
0 0.4828125 0.33828125 0.815625 0.34375
0 0.3890625 0.68828125 0.63359375 0.23125
0 0.39921875 0.04296875 0.14453125 0.05234375
0 0.33125 0.1296875 0.15703125 0.05859375
0 0.37265625 0.184375 0.1546875 0.05859375
0 0.42578125 0.09765625 0.36328125 0.13828125
0 0.4828125 0.33828125 0.815625 0.34375
0 0.3890625 0.68828125 0.63359375 0.23125
0 0.39921875 0.04296875 0.14453125 0.05234375
0 0.33125 0.1296875 0.15703125 0.05859375
0 0.37265625 0.184375 0.1546875 0.05859375
0 0.35625 0.55625 0.5296875 0.11171875
0 0.42578125 0.09765625 0.36328125 0.13828125
0 0.4828125 0.33828125 0.815625 0.34375
0 0.3890625 0.68828125 0.63359375 0.23125
0 0.39921875 0.04296875 0.14453125 0.05234375
0 0.33125 0.1296875 0.15703125 0.05859375
0 0.37265625 0.184375 0.1546875 0.05859375
0 0.35625 0.55625 0.5296875 0.11171875
0 0.42578125 0.09765625 0.36328125 0.13828125
0 0.4828125 0.33828125 0.815625 0.34375
0 0.3890625 0.68828125 0.63359375 0.23125
0 0.39921875 0.04296875 0.14453125 0.05234375
0 0.33125 0.1296875 0.15703125 0.05859375
0 0.37265625 0.184375 0.1546875 0.05859375
0 0.35625 0.55625 0.5296875 0.11171875
0 0.32265625 0.80625 0.49921875 0.0875
0 0.42578125 0.09765625 0.36328125 0.13828125
0 0.4828125 0.33828125 0.815625 0.34375
0 0.3890625 0.68828125 0.63359375 0.23125
0 0.39921875 0.04296875 0.14453125 0.05234375
0 0.33125 0.1296875 0.15703125 0.05859375
0 0.37265625 0.184375 0.1546875 0.05859375
0 0.35625 0.55625 0.5296875 0.11171875
0 0.32265625 0.80625 0.49921875 0.0875
0 0.24453125 0.0765625 0.3515625 0.153125
0 0.53203125 0.57421875 0.25234375 0.0890625
0 0.43046875 0.43359375 0.21328125 0.078125
0 0.42578125 0.09765625 0.36328125 0.13828125
0 0.4828125 0.33828125 0.815625 0.34375
0 0.3890625 0.68828125 0.63359375 0.23125
0 0.39921875 0.04296875 0.14453125 0.05234375
0 0.33125 0.1296875 0.15703125 0.05859375
0 0.37265625 0.184375 0.1546875 0.05859375
0 0.35625 0.55625 0.5296875 0.11171875
0 0.32265625 0.80625 0.49921875 0.0875
0 0.24453125 0.0765625 0.3515625 0.153125
0 0.53203125 0.57421875 0.25234375 0.0890625
0 0.43046875 0.43359375 0.21328125 0.078125
0 0.42578125 0.09765625 0.36328125 0.13828125
0 0.4828125 0.33828125 0.815625 0.34375
0 0.3890625 0.68828125 0.63359375 0.23125
0 0.39921875 0.04296875 0.14453125 0.05234375
0 0.33125 0.1296875 0.15703125 0.05859375
0 0.37265625 0.184375 0.1546875 0.05859375
0 0.35625 0.55625 0.5296875 0.11171875
0 0.32265625 0.80625 0.49921875 0.0875
0 0.24453125 0.0765625 0.3515625 0.153125
0 0.53203125 0.57421875 0.25234375 0.0890625
0 0.43046875 0.43359375 0.21328125 0.078125
0 0.32734375 0.96015625 0.50078125 0.07890625
0 0.59375 0.0828125 0.078125 0.0578125
0 0.55703125 0.640625 0.20625 0.05703125
0 0.2125 0.5203125 0.2765625 0.09609375
0 0.5328125 0.0796875 0.175 0.06875