0 0.46875 0.378125 0.77890625 0.2359375
0 0.4390625 0.38125 0.77734375 0.2078125
0 0.4390625 0.38125 0.77734375 0.2078125
0 0.64296875 0.81640625 0.32421875 0.16171875
0 0.45078125 0.66875 0.29375 0.115625
0 0.234375 0.90546875 0.3703125 0.1890625
0 0.51328125 0.56015625 0.209375 0.09453125
0 0.67578125 0.64765625 0.18203125 0.0828125
0 0.74140625 0.85859375 0.13984375 0.11484375
0 0.60546875 0.49375 0.159375 0.05703125
0 0.66015625 0.45625 0.12109375 0.053125
0 0.7 0.73359375 0.1953125 0.07734375
0 0.6828125 0.55859375 0.1109375 0.059375