0 0.48125 0.35703125 0.7671875 0.35625
0 0.46640625 0.36640625 0.77265625 0.32421875
0 0.3578125 0.05390625 0.56171875 0.10546875
0 0.415625 0.690625 0.68359375 0.27578125
0 0.36640625 0.1828125 0.4453125 0.078125
0 0.528125 0.1640625 0.18359375 0.03203125
0 0.4203125 0.53984375 0.540625 0.1203125
0 0.36796875 0.7921875 0.59140625 0.1015625
0 0.46015625 0.971875 0.2515625 0.05234375
0 0.44375 0.16640625 0.12734375 0.04375
0 0.49765625 0.02109375 0.3453125 0.0421875
0 0.47578125 0.20859375 0.15703125 0.0390625
0 0.15 0.03828125 0.1484375 0.071875
0 0.2015625 0.52421875 0.25859375 0.11171875
0 0.28359375 0.33203125 0.35 0.20078125
0 0.2140625 0.0796875 0.27734375 0.0625
0 0.446875 0.58984375 0.17890625 0.06328125
0 0.46640625 0.36640625 0.77265625 0.32421875
0 0.3578125 0.05390625 0.56171875 0.10546875
0 0.415625 0.690625 0.68359375 0.27578125
0 0.36640625 0.1828125 0.4453125 0.078125
0 0.528125 0.1640625 0.18359375 0.03203125
0 0.4203125 0.53984375 0.540625 0.1203125
0 0.36796875 0.7921875 0.59140625 0.1015625
0 0.46015625 0.971875 0.2515625 0.05234375
0 0.44375 0.16640625 0.12734375 0.04375
0 0.49765625 0.02109375 0.3453125 0.0421875
0 0.47578125 0.20859375 0.15703125 0.0390625
0 0.15 0.03828125 0.1484375 0.071875
0 0.2015625 0.52421875 0.25859375 0.11171875
0 0.28359375 0.33203125 0.35 0.20078125
0 0.2140625 0.0796875 0.27734375 0.0625
0 0.46640625 0.36640625 0.77265625 0.32421875
0 0.3578125 0.05390625 0.56171875 0.10546875
0 0.415625 0.690625 0.68359375 0.27578125
0 0.36640625 0.1828125 0.4453125 0.078125
0 0.528125 0.1640625 0.18359375 0.03203125
0 0.4203125 0.53984375 0.540625 0.1203125
0 0.36796875 0.7921875 0.59140625 0.1015625
0 0.46015625 0.971875 0.2515625 0.05234375
0 0.44375 0.16640625 0.12734375 0.04375
0 0.49765625 0.02109375 0.3453125 0.0421875
0 0.47578125 0.20859375 0.15703125 0.0390625
0 0.15 0.03828125 0.1484375 0.071875
0 0.2015625 0.52421875 0.25859375 0.11171875
0 0.28359375 0.33203125 0.35 0.20078125
0 0.46640625 0.36640625 0.77265625 0.32421875
0 0.3578125 0.05390625 0.56171875 0.10546875
0 0.415625 0.690625 0.68359375 0.27578125
0 0.36640625 0.1828125 0.4453125 0.078125
0 0.528125 0.1640625 0.18359375 0.03203125
0 0.4203125 0.53984375 0.540625 0.1203125
0 0.36796875 0.7921875 0.59140625 0.1015625
0 0.46015625 0.971875 0.2515625 0.05234375
0 0.44375 0.16640625 0.12734375 0.04375
0 0.49765625 0.02109375 0.3453125 0.0421875
0 0.47578125 0.20859375 0.15703125 0.0390625
0 0.15 0.03828125 0.1484375 0.071875
0 0.46640625 0.36640625 0.77265625 0.32421875
0 0.3578125 0.05390625 0.56171875 0.10546875
0 0.415625 0.690625 0.68359375 0.27578125
0 0.36640625 0.1828125 0.4453125 0.078125
0 0.528125 0.1640625 0.18359375 0.03203125
0 0.4203125 0.53984375 0.540625 0.1203125
0 0.36796875 0.7921875 0.59140625 0.1015625
0 0.46015625 0.971875 0.2515625 0.05234375
0 0.44375 0.16640625 0.12734375 0.04375
0 0.49765625 0.02109375 0.3453125 0.0421875
0 0.47578125 0.20859375 0.15703125 0.0390625
0 0.15 0.03828125 0.1484375 0.071875
0 0.46640625 0.36640625 0.77265625 0.32421875
0 0.3578125 0.05390625 0.56171875 0.10546875
0 0.415625 0.690625 0.68359375 0.27578125
0 0.36640625 0.1828125 0.4453125 0.078125
0 0.528125 0.1640625 0.18359375 0.03203125
0 0.4203125 0.53984375 0.540625 0.1203125
0 0.36796875 0.7921875 0.59140625 0.1015625
0 0.46640625 0.36640625 0.77265625 0.32421875
0 0.3578125 0.05390625 0.56171875 0.10546875
0 0.415625 0.690625 0.68359375 0.27578125
0 0.36640625 0.1828125 0.4453125 0.078125
0 0.528125 0.1640625 0.18359375 0.03203125
0 0.4203125 0.53984375 0.540625 0.1203125
0 0.36796875 0.7921875 0.59140625 0.1015625
0 0.46640625 0.36640625 0.77265625 0.32421875
0 0.3578125 0.05390625 0.56171875 0.10546875
0 0.415625 0.690625 0.68359375 0.27578125
0 0.36640625 0.1828125 0.4453125 0.078125
0 0.46640625 0.36640625 0.77265625 0.32421875
0 0.3578125 0.05390625 0.56171875 0.10546875
0 0.415625 0.690625 0.68359375 0.27578125
0 0.36640625 0.1828125 0.4453125 0.078125
0 0.46640625 0.36640625 0.77265625 0.32421875
0 0.3578125 0.05390625 0.56171875 0.10546875
0 0.415625 0.690625 0.68359375 0.27578125
0 0.36640625 0.1828125 0.4453125 0.078125
0 0.46640625 0.36640625 0.77265625 0.32421875
0 0.46640625 0.36640625 0.77265625 0.32421875
0 0.46640625 0.36640625 0.77265625 0.32421875
0 0.46640625 0.36640625 0.77265625 0.32421875
0 0.46640625 0.36640625 0.77265625 0.32421875
0 0.3578125 0.05390625 0.56171875 0.10546875
0 0.415625 0.690625 0.68359375 0.27578125
0 0.36640625 0.1828125 0.4453125 0.078125
0 0.528125 0.1640625 0.18359375 0.03203125
0 0.4203125 0.53984375 0.540625 0.1203125
0 0.46640625 0.36640625 0.77265625 0.32421875
0 0.3578125 0.05390625 0.56171875 0.10546875
0 0.415625 0.690625 0.68359375 0.27578125
0 0.36640625 0.1828125 0.4453125 0.078125
0 0.528125 0.1640625 0.18359375 0.03203125
0 0.4203125 0.53984375 0.540625 0.1203125
0 0.36796875 0.7921875 0.59140625 0.1015625
0 0.46640625 0.36640625 0.77265625 0.32421875
0 0.3578125 0.05390625 0.56171875 0.10546875
0 0.415625 0.690625 0.68359375 0.27578125
0 0.36640625 0.1828125 0.4453125 0.078125
0 0.528125 0.1640625 0.18359375 0.03203125
0 0.4203125 0.53984375 0.540625 0.1203125
0 0.36796875 0.7921875 0.59140625 0.1015625
0 0.46015625 0.971875 0.2515625 0.05234375
0 0.44375 0.16640625 0.12734375 0.04375
0 0.49765625 0.02109375 0.3453125 0.0421875
0 0.47578125 0.20859375 0.15703125 0.0390625
0 0.15 0.03828125 0.1484375 0.071875
0 0.46640625 0.36640625 0.77265625 0.32421875
0 0.3578125 0.05390625 0.56171875 0.10546875
0 0.415625 0.690625 0.68359375 0.27578125
0 0.36640625 0.1828125 0.4453125 0.078125
0 0.528125 0.1640625 0.18359375 0.03203125
0 0.4203125 0.53984375 0.540625 0.1203125
0 0.36796875 0.7921875 0.59140625 0.1015625
0 0.46015625 0.971875 0.2515625 0.05234375
0 0.44375 0.16640625 0.12734375 0.04375
0 0.49765625 0.02109375 0.3453125 0.0421875
0 0.47578125 0.20859375 0.15703125 0.0390625
0 0.15 0.03828125 0.1484375 0.071875
0 0.2015625 0.52421875 0.25859375 0.11171875
0 0.28359375 0.33203125 0.35 0.20078125
0 0.2140625 0.0796875 0.27734375 0.0625
0 0.446875 0.58984375 0.17890625 0.06328125
0 0.5703125 0.43203125 0.4359375 0.1375
0 0.2203125 0.175 0.20546875 0.0578125
0 0.19609375 0.80625 0.24140625 0.04609375
0 0.2578125 0.47109375 0.2953125 0.09921875
0 0.21484375 0.8640625 0.28203125 0.1265625
0 0.46640625 0.36640625 0.77265625 0.32421875
0 0.3578125 0.05390625 0.56171875 0.10546875
0 0.415625 0.690625 0.68359375 0.27578125
0 0.36640625 0.1828125 0.4453125 0.078125
0 0.528125 0.1640625 0.18359375 0.03203125
0 0.4203125 0.53984375 0.540625 0.1203125
0 0.36796875 0.7921875 0.59140625 0.1015625
0 0.46015625 0.971875 0.2515625 0.05234375
0 0.44375 0.16640625 0.12734375 0.04375
0 0.49765625 0.02109375 0.3453125 0.0421875
0 0.47578125 0.20859375 0.15703125 0.0390625
0 0.15 0.03828125 0.1484375 0.071875
0 0.2015625 0.52421875 0.25859375 0.11171875
0 0.28359375 0.33203125 0.35 0.20078125
0 0.2140625 0.0796875 0.27734375 0.0625
0 0.446875 0.58984375 0.17890625 0.06328125
0 0.5703125 0.43203125 0.4359375 0.1375
0 0.2203125 0.175 0.20546875 0.0578125
0 0.19609375 0.80625 0.24140625 0.04609375
0 0.2578125 0.47109375 0.2953125 0.09921875
0 0.21484375 0.8640625 0.28203125 0.1265625
0 0.22578125 0.02734375 0.11875 0.0546875
0 0.5 0.15703125 0.07421875 0.01953125
0 0.46640625 0.36640625 0.77265625 0.32421875
0 0.3578125 0.05390625 0.56171875 0.10546875
0 0.415625 0.690625 0.68359375 0.27578125
0 0.36640625 0.1828125 0.4453125 0.078125
0 0.528125 0.1640625 0.18359375 0.03203125
0 0.4203125 0.53984375 0.540625 0.1203125
0 0.36796875 0.7921875 0.59140625 0.1015625
0 0.46015625 0.971875 0.2515625 0.05234375
0 0.44375 0.16640625 0.12734375 0.04375
0 0.49765625 0.02109375 0.3453125 0.0421875
0 0.47578125 0.20859375 0.15703125 0.0390625
0 0.15 0.03828125 0.1484375 0.071875
0 0.2015625 0.52421875 0.25859375 0.11171875
0 0.28359375 0.33203125 0.35 0.20078125
0 0.2140625 0.0796875 0.27734375 0.0625
0 0.446875 0.58984375 0.17890625 0.06328125
0 0.5703125 0.43203125 0.4359375 0.1375
0 0.2203125 0.175 0.20546875 0.0578125
0 0.19609375 0.80625 0.24140625 0.04609375
0 0.2578125 0.47109375 0.2953125 0.09921875
0 0.21484375 0.8640625 0.28203125 0.1265625
0 0.22578125 0.02734375 0.11875 0.0546875
0 0.5 0.15703125 0.07421875 0.01953125
0 0.22421875 0.2125 0.275 0.0984375
0 0.2984375 0.02109375 0.1359375 0.03984375
0 0.3625 0.1765625 0.10390625 0.034375
0 0.46640625 0.36640625 0.77265625 0.32421875
0 0.3578125 0.05390625 0.56171875 0.10546875
0 0.415625 0.690625 0.68359375 0.27578125
0 0.36640625 0.1828125 0.4453125 0.078125
0 0.528125 0.1640625 0.18359375 0.03203125
0 0.4203125 0.53984375 0.540625 0.1203125
0 0.36796875 0.7921875 0.59140625 0.1015625
0 0.46015625 0.971875 0.2515625 0.05234375
0 0.44375 0.16640625 0.12734375 0.04375
0 0.49765625 0.02109375 0.3453125 0.0421875
0 0.47578125 0.20859375 0.15703125 0.0390625
0 0.15 0.03828125 0.1484375 0.071875
0 0.2015625 0.52421875 0.25859375 0.11171875
0 0.28359375 0.33203125 0.35 0.20078125
0 0.2140625 0.0796875 0.27734375 0.0625
0 0.446875 0.58984375 0.17890625 0.06328125
0 0.5703125 0.43203125 0.4359375 0.1375
0 0.2203125 0.175 0.20546875 0.0578125
0 0.19609375 0.80625 0.24140625 0.04609375
0 0.2578125 0.47109375 0.2953125 0.09921875
0 0.21484375 0.8640625 0.28203125 0.1265625
0 0.22578125 0.02734375 0.11875 0.0546875
0 0.5 0.15703125 0.07421875 0.01953125
0 0.22421875 0.2125 0.275 0.0984375
0 0.2984375 0.02109375 0.1359375 0.03984375
0 0.3625 0.1765625 0.10390625 0.034375
0 0.51796875 0.18203125 0.10703125 0.0359375
0 0.675 0.325 0.37109375 0.14921875
0 0.30859375 0.05 0.20703125 0.059375
0 0.46640625 0.36640625 0.77265625 0.32421875
0 0.3578125 0.05390625 0.56171875 0.10546875
0 0.415625 0.690625 0.68359375 0.27578125
0 0.36640625 0.1828125 0.4453125 0.078125
0 0.528125 0.1640625 0.18359375 0.03203125
0 0.4203125 0.53984375 0.540625 0.1203125
0 0.36796875 0.7921875 0.59140625 0.1015625
0 0.46015625 0.971875 0.2515625 0.05234375
0 0.44375 0.16640625 0.12734375 0.04375
0 0.49765625 0.02109375 0.3453125 0.0421875
0 0.47578125 0.20859375 0.15703125 0.0390625
0 0.15 0.03828125 0.1484375 0.071875
0 0.2015625 0.52421875 0.25859375 0.11171875
0 0.28359375 0.33203125 0.35 0.20078125
0 0.2140625 0.0796875 0.27734375 0.0625
0 0.446875 0.58984375 0.17890625 0.06328125
0 0.5703125 0.43203125 0.4359375 0.1375
0 0.2203125 0.175 0.20546875 0.0578125
0 0.19609375 0.80625 0.24140625 0.04609375
0 0.2578125 0.47109375 0.2953125 0.09921875
0 0.21484375 0.8640625 0.28203125 0.1265625
0 0.22578125 0.02734375 0.11875 0.0546875
0 0.5 0.15703125 0.07421875 0.01953125
0 0.22421875 0.2125 0.275 0.0984375
0 0.2984375 0.02109375 0.1359375 0.03984375
0 0.3625 0.1765625 0.10390625 0.034375
0 0.51796875 0.18203125 0.10703125 0.0359375
0 0.675 0.325 0.37109375 0.14921875
0 0.30859375 0.05 0.20703125 0.059375
0 0.621875 0.0171875 0.1234375 0.03203125
0 0.43671875 0.1890625 0.11328125 0.03359375
0 0.13671875 0.33125 0.13515625 0.221875
0 0.46640625 0.36640625 0.77265625 0.32421875
0 0.3578125 0.05390625 0.56171875 0.10546875