0 0.4578125 0.084375 0.11796875 0.04765625
0 0.471875 0.14609375 0.13828125 0.04140625
0 0.4921875 0.40703125 0.23515625 0.09453125
0 0.48515625 0.33359375 0.159375 0.05625
0 0.45234375 0.02265625 0.0625 0.03046875
0 0.4765625 0.234375 0.07421875 0.02734375
0 0.49453125 0.76640625 0.6328125 0.1328125
0 0.62265625 0.5734375 0.59375 0.18125
0 0.57421875 0.92890625 0.09921875 0.04296875
0 0.60703125 0.97578125 0.12890625 0.04453125
0 0.4953125 0.0828125 0.0640625 0.02421875
0 0.54140625 0.67109375 0.15625 0.05859375
0 0.4609375 0.04140625 0.1 0.0625
0 0.4609375 0.1265625 0.075 0.02265625
0 0.6234375 0.56171875 0.209375 0.08125
0 0.5015625 0.44375 0.07890625 0.034375