0 0.6328125 0.58671875 0.29296875 0.1
0 0.28203125 0.42109375 0.39921875 0.059375
0 0.67109375 0.63125 0.16953125 0.04296875
0 0.3828125 0.27421875 0.665625 0.18125
0 0.4640625 0.55625 0.51328125 0.0734375
0 0.43515625 0.37890625 0.6546875 0.10234375
0 0.60859375 0.37578125 0.24765625 0.06953125
0 0.55546875 0.47265625 0.20390625 0.1015625
0 0.62109375 0.53984375 0.24140625 0.05390625
0 0.4421875 0.49609375 0.603125 0.1390625
0 0.4234375 0.171875 0.74453125 0.18359375
0 0.55078125 0.41875 0.19140625 0.04453125
0 0.3484375 0.20078125 0.44765625 0.06328125
0 0.71796875 0.559375 0.0921875 0.0375
0 0.3890625 0.459375 0.196875 0.0828125