0 0.28046875 0.44921875 0.55078125 0.1609375
0 0.55 0.84765625 0.884375 0.29921875
0 0.74921875 0.665625 0.3859375 0.1
0 0.6921875 0.56484375 0.6015625 0.22265625
0 0.303125 0.64765625 0.58046875 0.23984375
0 0.79375 0.1453125 0.40703125 0.18359375
0 0.63046875 0.27265625 0.5703125 0.15859375
0 0.32421875 0.175 0.64296875 0.34765625
0 0.6703125 0.4125 0.603125 0.16015625
0 0.72890625 0.021875 0.5265625 0.04375
0 0.93046875 0.25 0.1390625 0.0859375
0 0.63515625 0.07890625 0.72421875 0.153125
0 0.175 0.31171875 0.340625 0.12265625
0 0.54140625 0.73515625 0.4359375 0.0859375