0 0.68203125 0.7140625 0.55390625 0.125
0 0.45 0.796875 0.625 0.30234375
0 0.7015625 0.5703125 0.596875 0.1890625
0 0.7609375 0.853125 0.43828125 0.2734375
0 0.85390625 0.75078125 0.290625 0.11484375
0 0.3125 0.9625 0.53515625 0.06953125
0 0.8640625 0.5984375 0.265625 0.1078125
0 0.36640625 0.87421875 0.3890625 0.13671875
0 0.34453125 0.47109375 0.61015625 0.28515625
0 0.840625 0.39375 0.309375 0.10546875
0 0.70859375 0.24765625 0.57109375 0.2484375
0 0.5796875 0.6359375 0.58046875 0.0921875
0 0.93828125 0.43203125 0.12265625 0.10625
0 0.8703125 0.9828125 0.2234375 0.03359375
0 0.90546875 0.49140625 0.1875 0.1796875
0 0.209375 0.96796875 0.16953125 0.0625
0 0.8109375 0.6890625 0.2015625 0.05703125
0 0.66015625 0.60625 0.1765625 0.1078125