0 0.46953125 0.67734375 0.834375 0.2390625
0 0.49609375 0.465625 0.890625 0.17734375
0 0.5 0.26875 0.9015625 0.4890625
0 0.4609375 0.54765625 0.80859375 0.11484375
0 0.54609375 0.85625 0.69921875 0.2765625
0 0.58828125 0.1109375 0.69765625 0.20546875
0 0.46953125 0.67734375 0.834375 0.2390625
0 0.49609375 0.465625 0.890625 0.17734375
0 0.5 0.26875 0.9015625 0.4890625
0 0.4609375 0.54765625 0.80859375 0.11484375
0 0.58828125 0.1109375 0.69765625 0.20546875
0 0.54609375 0.85625 0.69921875 0.2765625