0 0.46875 0.56640625 0.7828125 0.18984375
0 0.49296875 0.2234375 0.13515625 0.05390625
0 0.47109375 0.22265625 0.13203125 0.04609375
0 0.48515625 0.2875 0.1265625 0.04453125
0 0.4484375 0.43984375 0.2734375 0.08984375
0 0.53359375 0.7015625 0.096875 0.03203125
0 0.490625 0.91484375 0.45703125 0.16953125
0 0.4296875 0.68671875 0.340625 0.11953125
0 0.55 0.7796875 0.071875 0.01796875
0 0.44921875 0.009375 0.07734375 0.0171875
0 0.53515625 0.9 0.21015625 0.10234375
0 0.69765625 0.30078125 0.503125 0.1953125
0 0.46875 0.56640625 0.7828125 0.18984375
0 0.5171875 0.4609375 0.10859375 0.05234375
0 0.50859375 0.2265625 0.0578125 0.0296875
0 0.59453125 0.9546875 0.2359375 0.090625
0 0.39921875 0.9671875 0.26171875 0.0640625