0 0.48359375 0.19140625 0.13671875 0.04609375
0 0.48515625 0.47734375 0.26328125 0.08515625
0 0.46640625 0.125 0.1421875 0.07109375
0 0.5453125 0.55703125 0.60390625 0.1640625
0 0.53359375 0.8609375 0.07421875 0.02734375
0 0.4734375 0.2671875 0.08828125 0.03125
0 0.4921875 0.76953125 0.5125 0.16953125
0 0.4484375 0.02578125 0.06640625 0.015625
0 0.4859375 0.390625 0.1875 0.1328125
0 0.45 0.07734375 0.05078125 0.01484375
0 0.56171875 0.98203125 0.0984375 0.0359375
0 0.5625 0.93125 0.096875 0.0640625
0 0.484375 0.321875 0.0625 0.01796875
0 0.45859375 0.14921875 0.08046875 0.02265625
0 0.4984375 0.11796875 0.07265625 0.0359375
0 0.45859375 0.378125 0.12265625 0.03671875
0 0.5203125 0.67734375 0.0703125 0.021875
0 0.4453125 0.04453125 0.04140625 0.0140625
0 0.47421875 0.14375 0.16171875 0.228125
0 0.51328125 0.3796875 0.08203125 0.03125
0 0.6171875 0.4390625 0.4296875 0.125
0 0.45703125 0.05 0.08203125 0.05625
0 0.54765625 0.87890625 0.04453125 0.0203125
0 0.53203125 0.41171875 0.08046875 0.03515625
0 0.4890625 0.3484375 0.06484375 0.0171875
0 0.578125 0.9125 0.05859375 0.02578125