0 0.6625 0.528125 0.2875 0.09765625
0 0.7125 0.58203125 0.30625 0.09140625
0 0.45234375 0.2125 0.778125 0.18984375
0 0.39375 0.40390625 0.68125 0.2890625
0 0.4203125 0.29296875 0.76484375 0.12109375
0 0.4609375 0.08125 0.790625 0.1625
0 0.7828125 0.4671875 0.1515625 0.0578125
0 0.678125 0.3265625 0.30703125 0.07421875
0 0.6140625 0.57265625 0.21796875 0.040625
0 0.22109375 0.3625 0.33671875 0.0890625
0 0.53984375 0.51875 0.67265625 0.1703125
0 0.5984375 0.43125 0.21015625 0.1015625
0 0.70859375 0.05 0.275 0.09921875
0 0.7828125 0.5171875 0.11171875 0.046875