0 0.65625 0.59453125 0.284375 0.0890625
0 0.61953125 0.3171875 0.34140625 0.10625
0 0.6609375 0.54375 0.2640625 0.0890625
0 0.34453125 0.40234375 0.578125 0.0921875
0 0.36171875 0.165625 0.621875 0.2359375
0 0.66484375 0.36484375 0.309375 0.09609375
0 0.3609375 0.4765625 0.628125 0.19453125
0 0.56171875 0.259375 0.27265625 0.0890625
0 0.37421875 0.05703125 0.675 0.1125
0 0.39453125 0.33828125 0.6921875 0.134375
0 0.74453125 0.52109375 0.0953125 0.0390625
0 0.6640625 0.30546875 0.1953125 0.05078125
0 0.465625 0.5890625 0.23125 0.05625
0 0.653125 0.621875 0.11953125 0.03046875