0 0.4875 0.5609375 0.8796875 0.1890625
0 0.47109375 0.2484375 0.13125 0.0890625
0 0.63515625 0.35625 0.5625 0.27734375
0 0.46640625 0.740625 0.396875 0.16171875
0 0.48046875 0.35 0.1921875 0.071875
0 0.43125 0.82578125 0.73359375 0.3328125
0 0.49453125 0.55 0.8921875 0.678125
0 0.45 0.04375 0.0859375 0.05
0 0.725 0.32265625 0.409375 0.11328125
0 0.6515625 0.9390625 0.29765625 0.1171875
0 0.49140625 0.44609375 0.25546875 0.0859375
0 0.4796875 0.315625 0.20859375 0.2234375
0 0.70546875 0.44453125 0.4625 0.09140625