0 0.5875 0.8625 0.80078125 0.26015625
0 0.58515625 0.5296875 0.7453125 0.165625
0 0.7734375 0.20390625 0.4328125 0.13515625
0 0.2671875 0.65 0.5140625 0.26328125
0 0.253125 0.43125 0.49296875 0.17578125
0 0.74765625 0.09375 0.49375 0.1421875
0 0.69609375 0.65546875 0.3875 0.1171875
0 0.43125 0.25859375 0.84453125 0.19296875
0 0.87578125 0.740625 0.23828125 0.11953125
0 0.2734375 0.928125 0.509375 0.14296875
0 0.60390625 0.39765625 0.66796875 0.16328125
0 0.8578125 0.48515625 0.184375 0.04921875
0 0.90703125 0.225 0.1828125 0.09609375