0 0.5046875 0.42734375 0.2609375 0.06171875
0 0.47734375 0.27734375 0.16796875 0.06171875
0 0.4890625 0.33984375 0.08984375 0.028125
0 0.478125 0.1640625 0.0796875 0.0296875
0 0.49140625 0.76484375 0.67109375 0.203125
0 0.5015625 0.06640625 0.05859375 0.02265625
0 0.5140625 0.2203125 0.0578125 0.0296875
0 0.48984375 0.0171875 0.0671875 0.02578125
0 0.4578125 0.23046875 0.09375 0.03359375
0 0.46953125 0.10234375 0.05625 0.01484375
0 0.471875 0.259375 0.0984375 0.03125
0 0.47578125 0.5265625 0.8375 0.1640625
0 0.4296875 0.07109375 0.04765625 0.02265625
0 0.43359375 0.0203125 0.06796875 0.03046875
0 0.503125 0.353125 0.0609375 0.028125
0 0.525 0.659375 0.0765625 0.05703125
0 0.54140625 0.96015625 0.09375 0.07578125