0 0.48828125 0.209375 0.115625 0.03671875
0 0.50078125 0.26640625 0.11015625 0.025
0 0.50390625 0.353125 0.2296875 0.0609375
0 0.559375 0.89765625 0.1296875 0.0515625
0 0.55625 0.9375 0.15625 0.06640625
0 0.459375 0.7765625 0.4703125 0.184375
0 0.46796875 0.015625 0.08203125 0.028125
0 0.5 0.44921875 0.284375 0.07421875
0 0.46796875 0.0421875 0.07734375 0.02265625
0 0.521875 0.5515625 0.71015625 0.1484375
0 0.51015625 0.4203125 0.15703125 0.03984375
0 0.5203125 0.2125 0.05546875 0.02109375
0 0.5421875 0.6453125 0.0875 0.03671875
0 0.54765625 0.8453125 0.0890625 0.0359375
0 0.7234375 0.29375 0.44296875 0.1375
0 0.5328125 0.4484375 0.12734375 0.040625
0 0.34765625 0.8140625 0.23359375 0.1
0 0.2921875 0.9578125 0.33984375 0.078125
0 0.46015625 0.215625 0.05234375 0.021875
0 0.5890625 0.465625 0.13515625 0.02890625
0 0.7109375 0.38984375 0.4296875 0.13515625
0 0.553125 0.81953125 0.22890625 0.090625