0 0.29375 0.07890625 0.5796875 0.1234375
0 0.471875 0.328125 0.79375 0.34375
0 0.434375 0.6734375 0.6734375 0.18046875
0 0.378125 0.56796875 0.553125 0.10390625
0 0.378125 0.81796875 0.590625 0.10390625
0 0.396875 0.6875 0.6453125 0.22890625
0 0.49296875 0.359375 0.83828125 0.36875
0 0.3875 0.56796875 0.559375 0.11640625
0 0.35390625 0.80546875 0.54296875 0.10390625
0 0.3453125 0.07578125 0.53828125 0.14921875
0 0.45546875 0.97734375 0.26875 0.0421875
0 0.4359375 0.19140625 0.21640625 0.07109375
0 0.225 0.03125 0.265625 0.0625
0 0.590625 0.67109375 0.2921875 0.1046875
0 0.53671875 0.628125 0.27578125 0.06796875
0 0.26640625 0.6265625 0.3765625 0.09921875
0 0.3296875 0.96015625 0.5078125 0.0796875
0 0.54296875 0.571875 0.26328125 0.07421875
0 0.52421875 0.528125 0.2734375 0.07109375
0 0.23046875 0.525 0.3015625 0.11171875
0 0.11875 0.034375 0.0890625 0.0640625
0 0.61953125 0.98515625 0.11953125 0.028125
0 0.471875 0.98671875 0.12421875 0.02578125
0 0.43359375 0.6203125 0.1140625 0.03359375
0 0.16328125 0.14453125 0.16875 0.03046875
0 0.39921875 0.5171875 0.19296875 0.0609375