0 0.54296875 0.09609375 0.11171875 0.0453125
0 0.5484375 0.16875 0.1859375 0.0921875
0 0.61015625 0.6234375 0.11953125 0.07421875
0 0.39453125 0.56171875 0.1640625 0.12109375
0 0.57578125 0.3375 0.07421875 0.04453125
0 0.5453125 0.3734375 0.28046875 0.11015625
0 0.56640625 0.02421875 0.21328125 0.04765625
0 0.584375 0.51484375 0.07734375 0.021875
0 0.59765625 0.1421875 0.0890625 0.03984375
0 0.51875 0.815625 0.2796875 0.3578125
0 0.5796875 0.5640625 0.27734375 0.06328125
0 0.55234375 0.24921875 0.07421875 0.03046875
0 0.5140625 0.63203125 0.1390625 0.0953125
0 0.86171875 0.86171875 0.1578125 0.20703125
0 0.584375 0.6109375 0.05078125 0.03203125
0 0.39296875 0.16875 0.146875 0.215625