0 0.5140625 0.08125 0.15546875 0.03828125
0 0.52421875 0.14453125 0.1609375 0.04375
0 0.55 0.57890625 0.196875 0.05390625
0 0.53046875 0.71953125 0.30625 0.1234375
0 0.54921875 0.4953125 0.18046875 0.06171875
0 0.6375 0.9671875 0.21640625 0.059375
0 0.6171875 0.82421875 0.14921875 0.04296875
0 0.60625 0.753125 0.14453125 0.04140625
0 0.52421875 0.01875 0.08671875 0.0359375
0 0.41953125 0.275 0.63515625 0.27578125
0 0.58828125 0.6328125 0.096875 0.05
0 0.60859375 0.8921875 0.1296875 0.08828125
0 0.57109375 0.4390625 0.07421875 0.02109375
0 0.6078125 0.68828125 0.15 0.059375
0 0.6171875 0.2453125 0.296875 0.1
0 0.5171875 0.0375 0.0859375 0.034375
0 0.53984375 0.10625 0.065625 0.02421875