0 0.525 0.1640625 0.18359375 0.053125
0 0.55234375 0.54375 0.22265625 0.06796875
0 0.51953125 0.1078125 0.17578125 0.05546875
0 0.55546875 0.27109375 0.12265625 0.0515625
0 0.621875 0.85390625 0.15390625 0.046875
0 0.5796875 0.609375 0.13125 0.04765625
0 0.5328125 0.78984375 0.346875 0.08984375
0 0.60546875 0.7296875 0.10625 0.040625
0 0.6109375 0.953125 0.11484375 0.05390625
0 0.5375 0.2265625 0.06171875 0.0203125
0 0.59453125 0.64609375 0.10859375 0.0453125
0 0.528125 0.0359375 0.0984375 0.04609375
0 0.60859375 0.68046875 0.08671875 0.03203125
0 0.46328125 0.38828125 0.8015625 0.34765625
0 0.52265625 0.059375 0.046875 0.02109375
0 0.48046875 0.2375 0.26953125 0.14453125
0 0.52890625 0.1140625 0.20078125 0.19375
0 0.55546875 0.746875 0.34375 0.44921875
0 0.60234375 0.52421875 0.0859375 0.034375
0 0.60234375 0.20546875 0.13125 0.096875