0 0.34765625 0.5109375 0.32890625 0.0578125
0 0.4859375 0.31640625 0.8765625 0.13046875
0 0.36796875 0.4640625 0.215625 0.04765625
0 0.5984375 0.42265625 0.31875 0.10234375
0 0.46171875 0.62890625 0.51171875 0.09453125
0 0.63984375 0.25234375 0.2921875 0.04296875
0 0.42734375 0.74296875 0.76953125 0.10859375
0 0.690625 0.56171875 0.4140625 0.0890625
0 0.26875 0.565625 0.43984375 0.1078125
0 0.88203125 0.48125 0.2359375 0.1078125
0 0.34765625 0.5109375 0.32890625 0.0578125
0 0.4859375 0.31640625 0.8765625 0.13046875
0 0.36796875 0.4640625 0.215625 0.04765625
0 0.5984375 0.42265625 0.31875 0.10234375
0 0.46171875 0.62890625 0.51171875 0.09453125
0 0.63984375 0.25234375 0.2921875 0.04296875
0 0.42734375 0.74296875 0.76953125 0.10859375
0 0.690625 0.56171875 0.4140625 0.0890625
0 0.26875 0.565625 0.43984375 0.1078125