0 0.55234375 0.3453125 0.253125 0.0875
0 0.54765625 0.09140625 0.19140625 0.06796875
0 0.63828125 0.8609375 0.15625 0.09140625
0 0.4671875 0.5578125 0.80859375 0.2765625
0 0.60078125 0.75234375 0.1734375 0.0875
0 0.55078125 0.16796875 0.15546875 0.06328125
0 0.55859375 0.64375 0.25546875 0.07890625
0 0.58046875 0.4265625 0.34140625 0.078125
0 0.53984375 0.8484375 0.109375 0.0453125
0 0.63203125 0.73359375 0.09453125 0.04140625
0 0.3953125 0.19921875 0.0984375 0.15078125
0 0.56484375 0.74296875 0.1109375 0.03671875
0 0.6046875 0.796875 0.24765625 0.240625
0 0.6109375 0.81171875 0.075 0.05546875
0 0.62421875 0.715625 0.09375 0.03046875
0 0.60703125 0.771875 0.06484375 0.05
0 0.47890625 0.43125 0.1515625 0.04765625
0 0.49921875 0.1671875 0.30859375 0.2296875
0 0.2734375 0.02265625 0.1375 0.0453125
0 0.6296875 0.66484375 0.10703125 0.04921875
0 0.7640625 0.56875 0.26484375 0.203125