0 0.5171875 0.09296875 0.403125 0.11484375
0 0.5375 0.18515625 0.19609375 0.06875
0 0.54765625 0.24765625 0.203125 0.05
0 0.55 0.62109375 0.3 0.1109375
0 0.5796875 0.70859375 0.22578125 0.08125
0 0.5453125 0.52265625 0.22734375 0.0828125
0 0.5546875 0.40390625 0.1890625 0.09140625
0 0.54765625 0.0328125 0.13125 0.0484375
0 0.63046875 0.87421875 0.12734375 0.0578125
0 0.5546875 0.35859375 0.1890625 0.0640625
0 0.5296875 0.01171875 0.10703125 0.02265625
0 0.61484375 0.7984375 0.08203125 0.034375
0 0.4578125 0.2828125 0.05859375 0.07265625
0 0.575 0.3015625 0.08203125 0.02265625
0 0.60546875 0.4953125 0.084375 0.0328125
0 0.7265625 0.94921875 0.39765625 0.0984375
0 0.5015625 0.96015625 0.0984375 0.07421875
0 0.63671875 0.96171875 0.11171875 0.0765625