0 0.34765625 0.5109375 0.3421875 0.0546875
0 0.43203125 0.30859375 0.77421875 0.11484375
0 0.36171875 0.46328125 0.22890625 0.04921875
0 0.56328125 0.6265625 0.36328125 0.0890625
0 0.603125 0.421875 0.31171875 0.10078125
0 0.6921875 0.5640625 0.409375 0.08984375
0 0.47265625 0.621875 0.85 0.1859375
0 0.26640625 0.54296875 0.44453125 0.10078125
0 0.70859375 0.478125 0.409375 0.09453125
0 0.63984375 0.25234375 0.29140625 0.04296875
0 0.4265625 0.740625 0.7671875 0.11015625
0 0.38984375 0.5171875 0.11484375 0.02578125