0 0.4125 0.575 0.7140625 0.44609375
0 0.39140625 0.03828125 0.2453125 0.07578125
0 0.48515625 0.1234375 0.41875 0.234375
0 0.55625 0.97890625 0.12265625 0.0421875
0 0.4953125 0.7328125 0.31484375 0.1359375
0 0.515625 0.3421875 0.146875 0.059375
0 0.5109375 0.76484375 0.346875 0.44375
0 0.5578125 0.78046875 0.19609375 0.07265625
0 0.54140625 0.60234375 0.20859375 0.125
0 0.5375 0.90546875 0.06171875 0.05
0 0.53671875 0.5578125 0.2171875 0.03984375
0 0.5015625 0.17578125 0.1328125 0.04453125
0 0.59453125 0.5015625 0.3078125 0.10625
0 0.4953125 0.16328125 0.1734375 0.15390625