0 0.46796875 0.115625 0.53046875 0.203125
0 0.52265625 0.55625 0.2484375 0.13203125
0 0.509375 0.78984375 0.87734375 0.4015625
0 0.52421875 0.396875 0.1546875 0.09453125
0 0.5796875 0.84765625 0.21796875 0.1484375
0 0.5359375 0.690625 0.2703125 0.3953125
0 0.7921875 0.803125 0.31015625 0.3296875
0 0.56953125 0.76640625 0.15703125 0.05078125
0 0.56796875 0.65234375 0.1515625 0.13125
0 0.45 0.18046875 0.3109375 0.08984375
0 0.5140625 0.32421875 0.17890625 0.18984375
0 0.58671875 0.93046875 0.7359375 0.1390625
0 0.51953125 0.2796875 0.1234375 0.0578125
0 0.47890625 0.4734375 0.575 0.9