0 0.4625 0.15234375 0.1609375 0.05078125
0 0.4734375 0.29453125 0.1015625 0.0359375
0 0.46953125 0.2203125 0.1671875 0.0390625
0 0.5203125 0.8265625 0.16015625 0.06796875
0 0.51015625 0.66875 0.17734375 0.05078125
0 0.51171875 0.715625 0.1984375 0.071875
0 0.49375 0.4671875 0.16953125 0.0546875
0 0.44453125 0.03125 0.0703125 0.0203125
0 0.46171875 0.41328125 0.15078125 0.05390625
0 0.46640625 0.2 0.06875 0.01875
0 0.4453125 0.0546875 0.05546875 0.01328125
0 0.484375 0.346875 0.0625 0.01953125
0 0.44921875 0.08515625 0.053125 0.01171875
0 0.51015625 0.62890625 0.07265625 0.02890625
0 0.45859375 0.9265625 0.77578125 0.140625
0 0.4828125 0.365625 0.0734375 0.02734375
0 0.47421875 0.56796875 0.86015625 0.1765625
0 0.521875 0.74921875 0.06015625 0.01875
0 0.45078125 0.05234375 0.08125 0.06171875
0 0.584375 0.8921875 0.16171875 0.084375
0 0.49453125 0.4015625 0.0734375 0.02890625
0 0.41796875 0.42421875 0.0625 0.028125
0 0.53515625 0.471875 0.0796875 0.0296875
0 0.69921875 0.415625 0.3 0.046875