0 0.4875 0.35546875 0.196875 0.059375
0 0.471875 0.06015625 0.121875 0.034375
0 0.46953125 0.6890625 0.49296875 0.13125
0 0.6203125 0.54921875 0.640625 0.15703125
0 0.4859375 0.11484375 0.115625 0.0359375
0 0.48125 0.20625 0.07421875 0.021875
0 0.4921875 0.29375 0.14453125 0.05859375
0 0.4765625 0.13515625 0.08125 0.025
0 0.5390625 0.81328125 0.078125 0.034375
0 0.5953125 0.9046875 0.1640625 0.12578125
0 0.49921875 0.4046875 0.0734375 0.0296875
0 0.459375 0.0125 0.0734375 0.0234375
0 0.4640625 0.02734375 0.10625 0.04921875
0 0.44765625 0.0484375 0.0828125 0.01796875
0 0.5484375 0.87265625 0.0640625 0.04765625
0 0.5296875 0.77265625 0.06484375 0.0171875
0 0.475 0.08203125 0.140625 0.13828125
0 0.52734375 0.29609375 0.0734375 0.03203125
0 0.49140625 0.2734375 0.07734375 0.02265625