0 0.4734375 0.15859375 0.14609375 0.0421875
0 0.46640625 0.09453125 0.1171875 0.03125
0 0.47109375 0.24453125 0.0765625 0.0265625
0 0.48984375 0.6671875 0.37265625 0.10703125
0 0.4828125 0.303125 0.06171875 0.0171875
0 0.48515625 0.359375 0.165625 0.06875
0 0.49140625 0.43671875 0.2265625 0.08984375
0 0.5140625 0.71484375 0.22109375 0.06171875
0 0.4484375 0.0203125 0.06484375 0.01953125
0 0.4609375 0.13203125 0.06796875 0.01796875
0 0.52578125 0.76640625 0.0875 0.02890625
0 0.45 0.06875 0.05 0.01484375
0 0.49609375 0.56171875 0.89609375 0.1625
0 0.50546875 0.903125 0.778125 0.18671875
0 0.475 0.33125 0.0859375 0.02265625
0 0.53203125 0.83125 0.06171875 0.01953125
0 0.44609375 0.0359375 0.03671875 0.0140625
0 0.47109375 0.09765625 0.13515625 0.1546875