0 0.50390625 0.21171875 0.11796875 0.03125
0 0.5125 0.275 0.1234375 0.0375
0 0.55859375 0.66875 0.0875 0.03515625
0 0.48046875 0.02421875 0.08828125 0.0265625
0 0.521875 0.44140625 0.1515625 0.059375
0 0.49296875 0.38359375 0.253125 0.08359375
0 0.403125 0.8734375 0.66328125 0.24765625
0 0.48515625 0.55625 0.89296875 0.18203125
0 0.525 0.80390625 0.2140625 0.10703125
0 0.57109375 0.77890625 0.090625 0.05859375
0 0.58671875 0.76171875 0.04609375 0.01796875
0 0.459375 0.81953125 0.07421875 0.0328125