0 0.4515625 0.17578125 0.15234375 0.06015625
0 0.4640625 0.24609375 0.15625 0.040625
0 0.4640625 0.30703125 0.09609375 0.0453125
0 0.453125 0.43828125 0.17109375 0.05625
0 0.5359375 0.92578125 0.078125 0.05625
0 0.43359375 0.025 0.07890625 0.021875
0 0.4890625 0.75078125 0.2203125 0.0625
0 0.5046875 0.86328125 0.1578125 0.07265625
0 0.43515625 0.05234375 0.05859375 0.01640625
0 0.65078125 0.9625 0.1640625 0.075
0 0.440625 0.084375 0.05703125 0.01640625
0 0.459375 0.20390625 0.0765625 0.0265625
0 0.503125 0.7015625 0.175 0.046875
0 0.47265625 0.35625 0.06953125 0.01796875
0 0.46953125 0.375 0.07109375 0.01875
0 0.4890625 0.47421875 0.096875 0.02265625
0 0.51015625 0.84296875 0.1 0.034375
0 0.47734375 0.41171875 0.0765625 0.02578125
0 0.44921875 0.5828125 0.796875 0.2125
0 0.49140625 0.6828125 0.13515625 0.03203125
0 0.33359375 0.66484375 0.19375 0.08046875
0 0.5125 0.65078125 0.1359375 0.03515625
0 0.4875 0.9828125 0.16484375 0.03359375
0 0.43828125 0.0515625 0.084375 0.07265625
0 0.684375 0.41015625 0.328125 0.0515625
0 0.4921875 0.16640625 0.0703125 0.03046875
0 0.57421875 0.91328125 0.34375 0.16640625