0 0.5546875 0.3046875 0.2296875 0.08203125
0 0.49765625 0.18984375 0.559375 0.1234375
0 0.56640625 0.41171875 0.21328125 0.065625
0 0.48671875 0.515625 0.15625 0.08046875
0 0.5640625 0.46640625 0.225 0.0640625
0 0.54609375 0.07109375 0.13359375 0.05625
0 0.590625 0.62421875 0.19375 0.0671875
0 0.5546875 0.7828125 0.36796875 0.1390625
0 0.64296875 0.925 0.12265625 0.0515625
0 0.55390625 0.10546875 0.1234375 0.04375
0 0.5875 0.5640625 0.165625 0.0609375
0 0.53359375 0.0171875 0.13046875 0.03359375
0 0.44765625 0.23515625 0.06875 0.05234375
0 0.621875 0.71015625 0.06875 0.03828125
0 0.621875 0.67734375 0.05703125 0.0296875
0 0.5140625 0.40859375 0.10546875 0.0359375
0 0.58046875 0.975 0.05078125 0.03984375