0 0.35234375 0.5109375 0.33515625 0.0546875
0 0.4453125 0.30859375 0.80390625 0.115625
0 0.36953125 0.46484375 0.2109375 0.04921875
0 0.525 0.628125 0.43046875 0.09296875
0 0.60390625 0.42109375 0.32265625 0.1
0 0.26953125 0.54375 0.45 0.1
0 0.63203125 0.253125 0.30078125 0.04453125
0 0.471875 0.61640625 0.84921875 0.17734375
0 0.42734375 0.74140625 0.76640625 0.10859375
0 0.68515625 0.56640625 0.4078125 0.0875
0 0.68984375 0.4734375 0.38984375 0.09609375
0 0.68359375 0.35625 0.4796875 0.11875
0 0.81171875 0.35390625 0.20625 0.03828125