0 0.54453125 0.12890625 0.15 0.05390625
0 0.5875 0.0625 0.10859375 0.04921875
0 0.59609375 0.65 0.15 0.03984375
0 0.61875 0.56171875 0.165625 0.07421875
0 0.59921875 0.8265625 0.06171875 0.0359375
0 0.6203125 0.7171875 0.0703125 0.04375
0 0.6265625 0.67109375 0.10703125 0.04375
0 0.5546875 0.309375 0.240625 0.06953125
0 0.61875 0.53984375 0.096875 0.0375
0 0.659375 0.84453125 0.125 0.04609375
0 0.571875 0.74453125 0.15546875 0.08125
0 0.5640625 0.48125 0.23671875 0.0640625
0 0.7 0.97734375 0.22421875 0.04453125
0 0.59765625 0.91875 0.04375 0.040625
0 0.59921875 0.95 0.0609375 0.09453125
0 0.5015625 0.0671875 0.1203125 0.046875
0 0.421875 0.18359375 0.08359375 0.0375
0 0.54296875 0.01328125 0.04609375 0.0203125
0 0.4359375 0.5375 0.13203125 0.115625
0 0.44609375 0.978125 0.246875 0.04375
0 0.6015625 0.6203125 0.0671875 0.0484375
0 0.40625 0.50859375 0.06640625 0.05703125
0 0.559375 0.225 0.06484375 0.02578125