0 0.6765625 0.55 0.33203125 0.11796875
0 0.46953125 0.26796875 0.7609375 0.1484375
0 0.51640625 0.43125 0.2734375 0.1109375
0 0.6734375 0.58515625 0.20078125 0.04375
0 0.5953125 0.17265625 0.59453125 0.15
0 0.36640625 0.50859375 0.57578125 0.2875
0 0.3640625 0.08515625 0.653125 0.1703125
0 0.7859375 0.5765625 0.14296875 0.07890625
0 0.45078125 0.503125 0.63046875 0.0859375
0 0.5734375 0.35234375 0.27578125 0.06171875
0 0.7859375 0.48984375 0.125 0.0453125
0 0.31328125 0.45390625 0.31953125 0.08125
0 0.359375 0.3390625 0.6265625 0.12734375
0 0.7203125 0.07421875 0.35546875 0.14296875
0 0.6140625 0.4828125 0.15390625 0.0703125
0 0.4953125 0.56953125 0.13828125 0.04375
0 0.48125 0.10078125 0.5453125 0.065625
0 0.5796875 0.284375 0.25703125 0.10390625