0 0.43828125 0.18515625 0.165625 0.06484375
0 0.45625 0.31875 0.09296875 0.02421875
0 0.45546875 0.265625 0.1765625 0.06015625
0 0.4484375 0.46640625 0.18046875 0.06953125
0 0.465625 0.371875 0.0828125 0.03203125
0 0.42265625 0.02421875 0.08671875 0.025
0 0.4671875 0.50078125 0.1171875 0.03359375
0 0.4859375 0.8078125 0.24609375 0.08359375
0 0.48515625 0.7484375 0.17890625 0.04921875
0 0.45859375 0.55078125 0.8171875 0.153125
0 0.5015625 0.86640625 0.09921875 0.0375
0 0.42734375 0.04921875 0.05703125 0.0140625
0 0.41953125 0.72578125 0.4515625 0.16953125
0 0.46875 0.42578125 0.07265625 0.02890625
0 0.43046875 0.0828125 0.05390625 0.0171875
0 0.5015625 0.9015625 0.18515625 0.0984375
0 0.446875 0.2109375 0.08046875 0.02421875
0 0.540625 0.9875 0.0875 0.0234375
0 0.5296875 0.93671875 0.06484375 0.03125
0 0.490625 0.4546875 0.10546875 0.03671875
0 0.53046875 0.68359375 0.20703125 0.0734375