0 0.475 0.59140625 0.3046875 0.0859375
0 0.5078125 0.453125 0.146875 0.071875
0 0.48046875 0.171875 0.153125 0.053125
0 0.4734375 0.534375 0.2296875 0.04609375
0 0.534375 0.8578125 0.21328125 0.065625
0 0.4203125 0.3265625 0.70703125 0.30625
0 0.471875 0.13671875 0.13984375 0.03515625
0 0.52265625 0.78203125 0.18515625 0.06953125
0 0.50546875 0.23359375 0.3453125 0.1421875
0 0.50546875 0.73046875 0.14609375 0.04921875
0 0.53125 0.6234375 0.09609375 0.040625
0 0.51015625 0.51640625 0.13984375 0.0390625
0 0.50703125 0.4328125 0.09453125 0.0375
0 0.4734375 0.05625 0.12265625 0.1046875
0 0.465625 0.01015625 0.09921875 0.0203125
0 0.47578125 0.0921875 0.07890625 0.03203125
0 0.53984375 0.7234375 0.0640625 0.02890625
0 0.51328125 0.2390625 0.13828125 0.02890625
0 0.540625 0.46796875 0.08984375 0.0328125
0 0.5328125 0.81484375 0.23515625 0.2140625
0 0.53125 0.5765625 0.13046875 0.065625