0 0.4671875 0.2375 0.14375 0.05234375
0 0.4734375 0.328125 0.109375 0.0390625
0 0.46484375 0.03671875 0.08828125 0.02421875
0 0.45078125 0.3875 0.18515625 0.05390625
0 0.446875 0.196875 0.09375 0.03671875
0 0.35859375 0.8015625 0.615625 0.340625
0 0.44765625 0.221875 0.0953125 0.02890625
0 0.46328125 0.1421875 0.0703125 0.0296875
0 0.48984375 0.1828125 0.07265625 0.028125
0 0.45078125 0.0546875 0.06796875 0.0203125
0 0.48671875 0.31640625 0.06171875 0.01875
0 0.68359375 0.7625 0.5078125 0.1875
0 0.40859375 0.2515625 0.07578125 0.0265625
0 0.46015625 0.6390625 0.46640625 0.14375
0 0.4953125 0.43046875 0.09921875 0.03203125
0 0.45078125 0.0875 0.05859375 0.02265625
0 0.471875 0.45546875 0.33203125 0.05078125
0 0.52578125 0.50703125 0.64140625 0.14765625
0 0.41171875 0.034375 0.065625 0.0171875
0 0.41953125 0.18671875 0.06015625 0.01640625
0 0.51484375 0.22421875 0.04765625 0.02421875
0 0.675 0.10078125 0.25078125 0.07265625
0 0.4484375 0.00546875 0.06015625 0.01015625