0 0.3859375 0.4 0.68203125 0.23359375
0 0.4703125 0.428125 0.8953125 0.19296875
0 0.3796875 0.41796875 0.625 0.18203125
0 0.5609375 0.4703125 0.2890625 0.1171875
0 0.5953125 0.39921875 0.2125 0.04375
0 0.15546875 0.325 0.190625 0.07578125
0 0.43359375 0.45390625 0.1875 0.08515625
0 0.3796875 0.41796875 0.625 0.18203125
0 0.5609375 0.4703125 0.2890625 0.1171875
0 0.3796875 0.41796875 0.625 0.18203125
0 0.3796875 0.41796875 0.625 0.18203125
0 0.3796875 0.41796875 0.625 0.18203125
0 0.3796875 0.41796875 0.625 0.18203125
0 0.5609375 0.4703125 0.2890625 0.1171875
0 0.5953125 0.39921875 0.2125 0.04375
0 0.15546875 0.325 0.190625 0.07578125
0 0.43359375 0.45390625 0.1875 0.08515625
0 0.7203125 0.55625 0.3046875 0.0640625
0 0.3796875 0.41796875 0.625 0.18203125
0 0.665625 0.56875 0.3484375 0.09453125
0 0.5609375 0.240625 0.37890625 0.125
0 0.5609375 0.4703125 0.2890625 0.1171875
0 0.40546875 0.5640625 0.66796875 0.1734375
0 0.44375 0.10703125 0.77265625 0.20390625
0 0.6265625 0.3015625 0.3515625 0.10390625
0 0.5140625 0.5765625 0.1609375 0.046875
0 0.77265625 0.5421875 0.14140625 0.04140625
0 0.790625 0.2921875 0.24765625 0.078125
0 0.5953125 0.39921875 0.2125 0.04375
0 0.6734375 0.6 0.13046875 0.03125
0 0.15546875 0.325 0.190625 0.07578125
0 0.38046875 0.3265625 0.62265625 0.146875
0 0.43359375 0.45390625 0.1875 0.08515625
0 0.68828125 0.11640625 0.26953125 0.09453125
0 0.74296875 0.6109375 0.090625 0.02578125
0 0.765625 0.20234375 0.20703125 0.07421875
0 0.74296875 0.50859375 0.11640625 0.03828125