0 0.52265625 0.13125 0.18203125 0.046875
0 0.53515625 0.0578125 0.1109375 0.0515625
0 0.61328125 0.815625 0.1359375 0.0515625
0 0.525 0.2046875 0.1859375 0.06640625
0 0.60703125 0.7578125 0.10703125 0.03046875
0 0.5515625 0.259375 0.08828125 0.0265625
0 0.54609375 0.32578125 0.1640625 0.09453125
0 0.5421875 0.92265625 0.37890625 0.13515625
0 0.58125 0.44296875 0.15625 0.07265625
0 0.46640625 0.034375 0.27578125 0.0671875
0 0.55078125 0.01171875 0.11015625 0.02109375
0 0.56328125 0.18203125 0.11640625 0.04375
0 0.60078125 0.984375 0.096875 0.02890625
0 0.45546875 0.296875 0.04765625 0.03203125
0 0.4828125 0.64140625 0.87265625 0.59296875
0 0.5859375 0.8828125 0.09296875 0.05234375
0 0.57421875 0.40625 0.09609375 0.0375
0 0.55546875 0.365625 0.09609375 0.03046875