0 0.4515625 0.284375 0.1703125 0.0578125
0 0.42890625 0.2125 0.1734375 0.05078125
0 0.41484375 0.171875 0.08671875 0.02890625
0 0.43359375 0.340625 0.1 0.0328125
0 0.44296875 0.3859375 0.08359375 0.0328125
0 0.39921875 0.040625 0.06328125 0.0171875
0 0.475 0.74921875 0.11875 0.04375
0 0.47734375 0.67421875 0.12578125 0.06953125
0 0.39609375 0.009375 0.0875 0.01875
0 0.40546875 0.07109375 0.05703125 0.0140625
0 0.51640625 0.96953125 0.16171875 0.05078125
0 0.4484375 0.43203125 0.06875 0.01875
0 0.390625 0.87578125 0.66640625 0.22265625
0 0.44296875 0.565625 0.80625 0.1671875
0 0.465625 0.4875 0.12890625 0.0234375
0 0.4140625 0.6515625 0.25078125 0.09375
0 0.48203125 0.7859375 0.078125 0.021875
0 0.5015625 0.93046875 0.253125 0.10078125
0 0.40078125 0.03984375 0.09609375 0.071875
0 0.4515625 0.43828125 0.08203125 0.05625
0 0.49921875 0.81171875 0.3828125 0.096875
0 0.45625 0.396875 0.10390625 0.10703125
0 0.665625 0.384375 0.353125 0.05546875