0 0.55546875 0.70078125 0.34375 0.1296875
0 0.51796875 0.13203125 0.46328125 0.2421875
0 0.5390625 0.5296875 0.2390625 0.10859375
0 0.6484375 0.8890625 0.121875 0.053125
0 0.58046875 0.04140625 0.2046875 0.07265625
0 0.54765625 0.2375 0.2421875 0.140625
0 0.63046875 0.97109375 0.125 0.05625
0 0.5640625 0.38046875 0.2375 0.22578125
0 0.57265625 0.775 0.33828125 0.4234375
0 0.56171875 0.375 0.190625 0.0640625
0 0.5671875 0.4328125 0.1953125 0.07265625
0 0.62421875 0.90546875 0.184375 0.17734375
0 0.58671875 0.56484375 0.1640625 0.059375
0 0.584375 0.76484375 0.22265625 0.08125
0 0.5421875 0.1984375 0.19765625 0.05078125