0 0.48671875 0.221875 0.1359375 0.05390625
0 0.49296875 0.2765625 0.12109375 0.03515625
0 0.4703125 0.41171875 0.25703125 0.10546875
0 0.53671875 0.678125 0.0984375 0.02421875
0 0.50546875 0.44609375 0.16953125 0.0578125
0 0.56171875 0.77109375 0.0734375 0.01796875
0 0.46328125 0.0140625 0.07734375 0.02265625
0 0.51640625 0.8984375 0.40703125 0.17421875
0 0.471875 0.55859375 0.67109375 0.17578125
0 0.61015625 0.89140625 0.19375 0.08046875
0 0.715625 0.3078125 0.47265625 0.20390625
0 0.4484375 0.84296875 0.09140625 0.02265625
0 0.53359375 0.45703125 0.07890625 0.0328125