0 0.4875 0.0484375 0.378125 0.096875
0 0.5296875 0.15390625 0.19140625 0.0609375
0 0.70390625 0.715625 0.21015625 0.1640625
0 0.57578125 0.61875 0.16171875 0.05078125
0 0.53203125 0.53203125 0.25859375 0.09609375
0 0.5421875 0.346875 0.17890625 0.07578125
0 0.528125 0.22109375 0.18984375 0.053125
0 0.6078125 0.6625 0.2546875 0.08203125
0 0.5796875 0.47109375 0.14140625 0.06015625
0 0.5578125 0.20234375 0.10546875 0.0390625
0 0.571875 0.025 0.1953125 0.05
0 0.3484375 0.77421875 0.22734375 0.21328125
0 0.45078125 0.30546875 0.053125 0.0703125
0 0.55390625 0.2796875 0.08359375 0.01953125
0 0.90234375 0.81953125 0.09453125 0.08359375