0 0.52109375 0.36953125 0.1609375 0.05078125
0 0.503125 0.48359375 0.234375 0.0796875
0 0.51171875 0.25 0.11953125 0.03515625
0 0.478125 0.06640625 0.45390625 0.12578125
0 0.51015625 0.28984375 0.11015625 0.03671875
0 0.5296875 0.565625 0.2203125 0.0390625
0 0.5171875 0.16171875 0.16875 0.0984375
0 0.45078125 0.7140625 0.75078125 0.2984375
0 0.5125 0.19296875 0.121875 0.0421875
0 0.553125 0.83125 0.2875 0.096875
0 0.5546875 0.6140625 0.09921875 0.04140625
0 0.45078125 0.33828125 0.04296875 0.0453125